[5829, 5459, 5460, 5830, 5473, 5877, 5519, 5520, 5523, 5524, 5526, 5527, 5528, 5
529, 5536, 5530, 5531, 5532, 5533, 5535, 5534, 5602, 5603, 5604, 5590, 5652, 565
3, 5654, 5664, 5751, 5655, 5656, 5660, 5661, 5679, 5681, 5680, 5716, 5683, 5682,
 5687, 5688, 5691, 5697, 5698, 5699, 5700, 5713, 5715, 5641, 5643, 5642, 5624, 5
625, 5626, 5627, 5631, 5632, 5639, 5558, 5559, 5562, 5563, 5574, 5576, 5575, 544
6, 5450, 5870, 5449, 5579, 5855, 5717, 5740, 5736, 5832, 5831, 5834, 5835, 5858,
 5104, 5837, 5838, 5442, 5458, 5457, 5839, 5667, 5668, 5753, 5755, 5756, 5758, 5
759, 5454, 5878, 5761, 5820, 5821, 5819, 5455, 5482, 5483, 5485, 5484, 5645, 564
6, 5648, 5649, 5650, 5741, 5762, 5749, 5750, 5742, 5744, 5743, 5745, 5747, 5746,
 5470, 5748]
2010 till land rover.........................

2014......all ids
[8230, 8474, 8473, 8476, 8475, 8478, 8229, 8228, 8226, 8074, 8075, 8354, 8352, 8
353, 8355, 8356, 8357, 8358, 8774, 8351, 8079, 8081, 8360, 8768, 8772, 8076, 876
7, 8763, 8765, 8769, 8771, 8773, 8775, 8362, 8363, 8776, 8364, 8668, 8669, 8670,
 8671, 8675, 8003, 8161, 8165, 8168, 8172, 8695, 8705, 8700, 8697, 8707, 8702, 8
698, 8703, 8710, 8711, 8713, 8715, 8717, 8689, 8699, 8709, 8704, 8040, 8041, 829
3, 8292, 8288, 8289, 8286, 8285, 8284, 8043, 8042, 8432, 8431, 8429, 8428, 8047,
 8046, 8049, 8048, 8427, 8325, 8326, 8323, 8324, 8044, 8045, 8297, 8298, 8019, 8
020, 8425, 8426, 8021, 8300, 8299, 8422, 8295, 8022, 8023, 8419, 8423, 8301, 830
2, 8024, 8025, 8294, 8177, 8373, 8188, 8189, 8191, 8192, 8198, 8197, 8193, 8200,
 8199, 8194, 8195, 8184, 8376, 8378, 8250, 8406, 8407, 8244, 8245, 8247, 8246, 8
255, 8256, 8254, 8253, 8249, 8248, 8015, 8016, 8242, 8243, 8233, 8232, 8237, 828
3, 8013, 8014, 8241, 8240, 8032, 8031, 8310, 8309, 8311, 8312, 8210, 8211, 8221,
 8222, 8216, 8215, 8225, 8214, 8213, 8471, 8224, 8217, 8219, 8218, 8220, 8123, 8
654, 8652, 8124, 8655, 8127, 8126, 8130, 8012, 8011, 8653, 8540, 8539, 8544, 854
3, 8545, 8120, 8119, 8547, 8122, 8529, 8528, 8549, 8548, 8551, 8550, 8488, 8483,
 8482, 8480, 8481, 8503, 8502, 8178, 8179, 8181, 8180, 8182, 8660, 8658, 8659, 8
070, 8068, 8069, 8010, 8663, 8662, 8661, 8072, 8073]

2013.........all ids
[7518, 7262, 7731, 7520, 7264, 7263, 7260, 7265, 7702, 7633, 7044, 7045, 7637, 7
707, 7634, 7710, 7640, 7642, 7644, 7646, 7049, 7126, 7128, 7647, 7639, 7709, 763
6, 7046, 7638, 7708, 7635, 7711, 7643, 7645, 7649, 7650, 7654, 7440, 7439, 7442,
 7441, 7444, 7443, 7295, 7293, 7297, 7298, 7300, 7302, 7392, 7391, 7306, 7308, 7
309, 7313, 7394, 7393, 7397, 7396, 7384, 7445, 7385, 7386, 7387, 7389, 7427, 743
0, 7429, 7431, 7433, 7432, 7720, 7512, 7721, 7513, 7050, 7051, 7352, 7498, 7706,
 7499, 7755, 7740, 7079, 7078, 7081, 7080, 7082, 7083, 7718, 7503, 7719, 7504, 7
063, 7062, 7054, 7055, 7373, 7374, 7506, 7507, 7358, 7360, 7359, 7053, 7113, 776
5, 7356, 7357, 7511, 7056, 7057, 7716, 7501, 7052, 7215, 7737, 7216, 7217, 7446,
 7219, 7220, 7225, 7224, 7449, 7227, 7226, 7222, 7221, 7228, 7451, 7452, 7324, 7
484, 7014, 7015, 7378, 7379, 7337, 7338, 7336, 7335, 7017, 7016, 7489, 7674, 749
0, 7675, 7345, 7346, 7019, 7018, 7334, 7333, 7668, 7476, 7021, 7020, 7023, 7022,
 7724, 7516, 7367, 7366, 7089, 7090, 7522, 7523, 7524, 7525, 7254, 7253, 7259, 7
251, 7252, 7528, 7257, 7258, 7255, 7712, 7517, 7256, 7042, 7533, 7742, 7032, 753
4, 7030, 7141, 7031, 7143, 7142, 7535, 7282, 7283, 7694, 7570, 7735, 7734, 7754,
 7743, 7280, 7281, 7744, 7695, 7556, 7008, 7007, 7006, 7005, 7696, 7557, 7686, 7
536, 7539, 7538, 7229, 7230, 7453, 7677, 7231, 7119, 7121, 7543, 7040, 7035, 703
4, 7125, 7123, 7124]

2012........all ids
[6100, 6626, 6101, 6732, 6627, 6756, 6102, 6757, 6097, 6103, 6600, 6349, 6601, 6
350, 6353, 6602, 6352, 6603, 6354, 6355, 6356, 6357, 6358, 6359, 6641, 6529, 664
2, 6528, 6361, 6334, 6004, 6006, 6005, 6007, 6012, 6008, 6018, 6010, 6014, 6009,
 6019, 6022, 6023, 6024, 6026, 6034, 6037, 6035, 6038, 6036, 6039, 6040, 6041, 6
042, 6044, 6046, 6017, 6021, 6028, 6658, 6438, 6702, 6504, 6701, 6503, 6502, 666
1, 6520, 6659, 6518, 6660, 6519, 6668, 6445, 6662, 6439, 6674, 6452, 6512, 6513,
 6653, 6433, 6677, 6478, 6676, 6477, 6675, 6476, 6514, 6515, 6507, 6654, 6434, 6
510, 6509, 6505, 6506, 6664, 6441, 6656, 6436, 6765, 6508, 6766, 6307, 6308, 658
4, 6309, 6764, 6763, 6312, 6311, 6313, 6753, 6314, 6317, 6587, 6586, 6315, 6325,
 6755, 6394, 6395, 6525, 6703, 6398, 6400, 6704, 6724, 6725, 6402, 6706, 6708, 6
404, 6414, 6415, 6650, 6430, 6416, 6417, 6718, 6418, 6424, 6425, 6648, 6428, 665
7, 6437, 6680, 6481, 6679, 6480, 6678, 6479, 6655, 6435, 6666, 6443, 6080, 6082,
 6090, 6089, 6624, 6085, 6096, 6623, 6084, 6094, 6093, 6095, 6086, 6625, 6087, 6
088, 6726, 6727, 6109, 6728, 6729, 6754, 6111, 6106, 6110, 6107, 6750, 6112, 673
0, 6751, 6114, 6561, 6185, 6562, 6186, 6640, 6524, 6636, 6523, 6560, 6183, 6559,
 6182, 6184, 6558, 6180, 6635, 6522, 6563, 6187, 6117, 6115, 6116, 6318, 6588, 6
322, 6590, 6319, 6589, 6320, 6129, 6130, 6132, 6127, 6128, 6135, 6733, 6137, 613
4, 6734, 6136]

2011...........all ids
[276, 586, 277, 278, 587, 279, 280, 282, 533, 1, 534, 2, 538, 10, 14, 15, 16, 53
5, 539, 25, 34, 33, 36, 35, 709, 38, 707, 39, 706, 37, 708, 40, 44, 46, 47, 45,
710, 54, 56, 57, 58, 59, 63, 67, 68, 69, 70, 608, 189, 609, 190, 191, 700, 540,
192, 541, 193, 542, 194, 543, 195, 196, 544, 197, 546, 201, 547, 202, 548, 203,
204, 205, 206, 207, 556, 233, 549, 208, 550, 209, 551, 210, 211, 212, 215, 557,
234, 235, 225, 226, 560, 229, 555, 231, 232, 678, 677, 679, 681, 686, 97, 682, 6
89, 691, 509, 98, 510, 99, 687, 690, 685, 684, 511, 100, 145, 496, 146, 147, 497
, 149, 499, 500, 150, 154, 504, 156, 506, 155, 505, 160, 161, 591, 162, 163, 164
, 592, 165, 167, 168, 170, 169, 593, 595, 171, 569, 247, 570, 248, 571, 249, 572
, 250, 580, 270, 584, 274, 283, 285, 286, 288, 589, 289, 290, 552, 291, 292, 293
, 294, 295, 553, 296, 297, 298, 299, 300, 302, 303, 304, 305, 308, 675, 697, 674
, 309, 671, 310, 662, 348, 663, 349, 494, 664, 351, 665, 352, 350, 666, 353, 667
, 354, 311, 312, 693, 694, 513, 102, 514, 103, 104, 673, 316, 319, 317, 320, 321
, 322, 323, 324, 649, 325, 326, 650, 327]








[5829, 5459, 5460, 5830, 5473, 5877, 5519, 5520, 5523, 5524, 5526, 5527, 5528, 5
529, 5536, 5530, 5531, 5532, 5533, 5535, 5534, 5602, 5603, 5604, 5590, 5652, 565
3, 5654, 5664, 5751, 5655, 5656, 5660, 5661, 5679, 5681, 5680, 5716, 5683, 5682,
 5687, 5688, 5691, 5697, 5698, 5699, 5700, 5713, 5715, 5641, 5643, 5642, 5624, 5
625, 5626, 5627, 5631, 5632, 5639, 5558, 5559, 5562, 5563, 5574, 5576, 5575, 544
6, 5450, 5870, 5449, 5579, 5855, 5717, 5740, 5736, 5832, 5831, 5834, 5835, 5858,
 5104, 5837, 5838, 5442, 5458, 5457, 5839, 5667, 5668, 5753, 5755, 5756, 5758, 5
759, 5454, 5878, 5761, 5820, 5821, 5819, 5455, 5482, 5483, 5485, 5484, 5645, 564
6, 5648, 5649, 5650, 5741, 5762, 5749, 5750, 5742, 5744, 5743, 5745, 5747, 5746,
 5470, 5748, 5798, 5765, 5770, 5471, 5771, 5451, 5586, 5580, 5447, 5581, 5474, 5
475, 5468, 5469, 5476, 5477, 5479, 5480, 5840, 5841, 5842, 5850, 5843, 5844, 585
1, 5852, 5845, 5472, 5846, 5847, 5848, 5849, 5588, 5448, 5585, 5605, 5607, 5608,
 5616, 5617, 5618, 5621, 5799, 5801, 5800, 5456, 5876, 5805, 5806, 5807, 5808, 5
809, 5810, 5813, 5815, 5669, 5670, 5503, 5504, 5505, 5507, 5676, 5675, 5678, 567
1, 5672, 5673, 5509, 5508, 5490, 5492, 5493, 5494, 5495, 5828, 5826, 5827, 5775,
 5776, 5461, 5463, 5778, 5780, 5464, 5781, 5782, 5785, 5786, 5793, 5794, 5539, 5
553, 5548, 5549, 5541, 5540, 5542, 5546, 5550, 5551, 5510, 5511, 5512, 5513, 551
4, 5515, 5516, 5517, 5518, 276, 586, 277, 278, 587, 279, 280, 282, 533, 1, 534,
2, 538, 10, 14, 15, 16, 535, 539, 25, 34, 33, 36, 35, 709, 38, 707, 39, 706, 37,
 708, 40, 44, 46, 47, 45, 710, 54, 56, 57, 58, 59, 63, 67, 68, 69, 70, 608, 189,
 609, 190, 191, 700, 540, 192, 541, 193, 542, 194, 543, 195, 196, 544, 197, 546,
 201, 547, 202, 548, 203, 204, 205, 206, 207, 556, 233, 549, 208, 550, 209, 551,
 210, 211, 212, 215, 557, 234, 235, 225, 226, 560, 229, 555, 231, 232, 678, 677,
 679, 681, 686, 97, 682, 689, 691, 509, 98, 510, 99, 687, 690, 685, 684, 511, 10
0, 145, 496, 146, 147, 497, 149, 499, 500, 150, 154, 504, 156, 506, 155, 505, 16
0, 161, 591, 162, 163, 164, 592, 165, 167, 168, 170, 169, 593, 595, 171, 569, 24
7, 570, 248, 571, 249, 572, 250, 580, 270, 584, 274, 283, 285, 286, 288, 589, 28
9, 290, 552, 291, 292, 293, 294, 295, 553, 296, 297, 298, 299, 300, 302, 303, 30
4, 305, 308, 675, 697, 674, 309, 671, 310, 662, 348, 663, 349, 494, 664, 351, 66
5, 352, 350, 666, 353, 667, 354, 311, 312, 693, 694, 513, 102, 514, 103, 104, 67
3, 316, 319, 317, 320, 321, 322, 323, 324, 649, 325, 326, 650, 327, 429, 430, 61
6, 431, 432, 491, 433, 434, 617, 436, 437, 495, 492, 493, 618, 438, 619, 439, 44
0, 441, 620, 442, 621, 443, 596, 173, 174, 597, 598, 175, 599, 176, 178, 600, 11
7, 651, 332, 652, 333, 335, 336, 337, 338, 339, 182, 603, 705, 119, 522, 120, 12
1, 524, 123, 525, 124, 125, 526, 126, 527, 127, 528, 128, 529, 129, 130, 530, 13
1, 531, 132, 185, 605, 607, 187, 340, 658, 342, 343, 659, 344, 660, 346, 661, 34
7, 355, 358, 357, 668, 360, 361, 362, 669, 363, 670, 364, 365, 653, 366, 367, 36
8, 654, 369, 655, 370, 371, 656, 372, 657, 373, 374, 644, 375, 645, 376, 377, 37
8, 646, 379, 401, 404, 408, 410, 515, 106, 519, 110, 520, 111, 516, 107, 92, 93,
 610, 415, 416, 611, 417, 585, 275, 612, 418, 140, 139, 419, 712, 420, 421, 422,
 423, 424, 647, 380, 648, 381, 614, 426, 428, 615, 427, 622, 444, 445, 446, 698,
 448, 624, 450, 452, 625, 453, 454, 626, 455, 627, 460, 628, 461, 629, 462, 630,
 463, 636, 464, 632, 466, 631, 465, 633, 467, 634, 468, 471, 469, 470, 635, 472,
 473, 474, 475, 476, 477, 478, 695, 637, 480, 481, 482, 483, 638, 484, 485, 639,
 486, 640, 487, 641, 488, 642, 489, 643, 490, 6100, 6626, 6101, 6732, 6627, 6756
, 6102, 6757, 6097, 6103, 6600, 6349, 6601, 6350, 6353, 6602, 6352, 6603, 6354,
6355, 6356, 6357, 6358, 6359, 6641, 6529, 6642, 6528, 6361, 6334, 6004, 6006, 60
05, 6007, 6012, 6008, 6018, 6010, 6014, 6009, 6019, 6022, 6023, 6024, 6026, 6034
, 6037, 6035, 6038, 6036, 6039, 6040, 6041, 6042, 6044, 6046, 6017, 6021, 6028,
6658, 6438, 6702, 6504, 6701, 6503, 6502, 6661, 6520, 6659, 6518, 6660, 6519, 66
68, 6445, 6662, 6439, 6674, 6452, 6512, 6513, 6653, 6433, 6677, 6478, 6676, 6477
, 6675, 6476, 6514, 6515, 6507, 6654, 6434, 6510, 6509, 6505, 6506, 6664, 6441,
6656, 6436, 6765, 6508, 6766, 6307, 6308, 6584, 6309, 6764, 6763, 6312, 6311, 63
13, 6753, 6314, 6317, 6587, 6586, 6315, 6325, 6755, 6394, 6395, 6525, 6703, 6398
, 6400, 6704, 6724, 6725, 6402, 6706, 6708, 6404, 6414, 6415, 6650, 6430, 6416,
6417, 6718, 6418, 6424, 6425, 6648, 6428, 6657, 6437, 6680, 6481, 6679, 6480, 66
78, 6479, 6655, 6435, 6666, 6443, 6080, 6082, 6090, 6089, 6624, 6085, 6096, 6623
, 6084, 6094, 6093, 6095, 6086, 6625, 6087, 6088, 6726, 6727, 6109, 6728, 6729,
6754, 6111, 6106, 6110, 6107, 6750, 6112, 6730, 6751, 6114, 6561, 6185, 6562, 61
86, 6640, 6524, 6636, 6523, 6560, 6183, 6559, 6182, 6184, 6558, 6180, 6635, 6522
, 6563, 6187, 6117, 6115, 6116, 6318, 6588, 6322, 6590, 6319, 6589, 6320, 6129,
6130, 6132, 6127, 6128, 6135, 6733, 6137, 6134, 6734, 6136, 6265, 6253, 6604, 62
54, 6255, 6262, 6261, 6605, 6256, 6257, 6643, 6530, 6531, 6264, 6541, 6250, 6542
, 6251, 6252, 6263, 6606, 6259, 6607, 6260, 6646, 6422, 6649, 6429, 6427, 6399,
6719, 6420, 6722, 6723, 6403, 6707, 6379, 6621, 6145, 6622, 6146, 6139, 6140, 61
41, 6142, 6143, 6144, 6373, 6739, 6363, 6740, 6366, 6741, 6364, 6742, 6368, 6743
, 6370, 6377, 6744, 6378, 6745, 6374, 6746, 6747, 6375, 6748, 6365, 6367, 6371,
6149, 6148, 6749, 6545, 6153, 6546, 6154, 6544, 6151, 6173, 6188, 6160, 6554, 61
68, 6172, 6551, 6165, 6550, 6164, 6175, 6191, 6555, 6176, 6171, 6161, 6557, 6178
, 6169, 6521, 6535, 6189, 6549, 6163, 6170, 6556, 6177, 6159, 6553, 6167, 6552,
6166, 6158, 6157, 6548, 6162, 6192, 6215, 6194, 6220, 6327, 6592, 6331, 6596, 63
32, 6597, 6330, 6595, 6078, 6077, 6074, 6076, 6228, 6227, 6231, 6230, 6229, 6663
, 6440, 6233, 6232, 6234, 6380, 6241, 6237, 6238, 6235, 6236, 6242, 6540, 6249,
6539, 6248, 6536, 6244, 6246, 6537, 6245, 6566, 6277, 6269, 6270, 6272, 6570, 62
82, 6278, 6565, 6276, 6273, 6567, 6279, 6281, 6569, 6568, 6280, 6291, 6578, 6290
, 6577, 6289, 6576, 6288, 6575, 6287, 6574, 6286, 6573, 6572, 6285, 6266, 6267,
6268, 6340, 6598, 6341, 6342, 6343, 6720, 6526, 6721, 6344, 6345, 6346, 6324, 65
99, 6347, 6348, 6300, 6301, 6579, 6302, 6580, 6303, 6581, 6304, 6582, 6305, 6583
, 6306, 7518, 7262, 7731, 7520, 7264, 7263, 7260, 7265, 7702, 7633, 7044, 7045,
7637, 7707, 7634, 7710, 7640, 7642, 7644, 7646, 7049, 7126, 7128, 7647, 7639, 77
09, 7636, 7046, 7638, 7708, 7635, 7711, 7643, 7645, 7649, 7650, 7654, 7440, 7439
, 7442, 7441, 7444, 7443, 7295, 7293, 7297, 7298, 7300, 7302, 7392, 7391, 7306,
7308, 7309, 7313, 7394, 7393, 7397, 7396, 7384, 7445, 7385, 7386, 7387, 7389, 74
27, 7430, 7429, 7431, 7433, 7432, 7720, 7512, 7721, 7513, 7050, 7051, 7352, 7498
, 7706, 7499, 7755, 7740, 7079, 7078, 7081, 7080, 7082, 7083, 7718, 7503, 7719,
7504, 7063, 7062, 7054, 7055, 7373, 7374, 7506, 7507, 7358, 7360, 7359, 7053, 71
13, 7765, 7356, 7357, 7511, 7056, 7057, 7716, 7501, 7052, 7215, 7737, 7216, 7217
, 7446, 7219, 7220, 7225, 7224, 7449, 7227, 7226, 7222, 7221, 7228, 7451, 7452,
7324, 7484, 7014, 7015, 7378, 7379, 7337, 7338, 7336, 7335, 7017, 7016, 7489, 76
74, 7490, 7675, 7345, 7346, 7019, 7018, 7334, 7333, 7668, 7476, 7021, 7020, 7023
, 7022, 7724, 7516, 7367, 7366, 7089, 7090, 7522, 7523, 7524, 7525, 7254, 7253,
7259, 7251, 7252, 7528, 7257, 7258, 7255, 7712, 7517, 7256, 7042, 7533, 7742, 70
32, 7534, 7030, 7141, 7031, 7143, 7142, 7535, 7282, 7283, 7694, 7570, 7735, 7734
, 7754, 7743, 7280, 7281, 7744, 7695, 7556, 7008, 7007, 7006, 7005, 7696, 7557,
7686, 7536, 7539, 7538, 7229, 7230, 7453, 7677, 7231, 7119, 7121, 7543, 7040, 70
35, 7034, 7125, 7123, 7124, 7603, 7607, 7608, 7691, 7628, 7604, 7605, 7145, 7146
, 7622, 7148, 7147, 7623, 7704, 7624, 7705, 7625, 7626, 7627, 7038, 7039, 7036,
7037, 7025, 7024, 7026, 7027, 7029, 7028, 7669, 7479, 7348, 7349, 7350, 7351, 73
75, 7376, 7187, 7186, 7551, 7184, 7185, 7552, 7033, 7553, 7750, 7738, 7244, 7243
, 7679, 7463, 7680, 7464, 7751, 7739, 7246, 7245, 7467, 7468, 7682, 7469, 7683,
7470, 7684, 7471, 7473, 7454, 7203, 7197, 7198, 7199, 7200, 7558, 7266, 7745, 72
77, 7278, 7279, 7271, 7272, 7269, 7270, 7561, 7287, 7288, 7286, 7285, 7291, 7292
, 7563, 7564, 7666, 7565, 7667, 7698, 7566, 7567, 7290, 7289, 7568, 7276, 7275,
7273, 7274, 7284, 7267, 7268, 7589, 7573, 7579, 7235, 7236, 7776, 7777, 7774, 77
75, 7772, 7773, 7421, 7425, 7423, 7424, 7456, 7249, 7458, 7448, 7599, 7194, 7190
, 7191, 7188, 7189, 7195, 7212, 7211, 7214, 7213, 7205, 7204, 7206, 7208, 7207,
7157, 7156, 7609, 7150, 7152, 7163, 7162, 7613, 7155, 7154, 7153, 7703, 7771, 76
17, 7770, 7160, 7161, 7158, 7159, 7176, 7175, 7177, 7178, 7179, 7180, 7173, 7174
, 7169, 7170, 7171, 7172, 7167, 7168, 7612, 7611, 7129, 7746, 7003, 7004, 7659,
7747, 7130, 7131, 7748, 7132, 7133, 7136, 7139, 7138, 7768, 7137, 7767, 7630, 76
65, 7664, 7116, 7115, 7700, 7663, 7117, 7118, 7701, 7662, 7001, 7002, 8230, 8474
, 8473, 8476, 8475, 8478, 8229, 8228, 8226, 8074, 8075, 8354, 8352, 8353, 8355,
8356, 8357, 8358, 8774, 8351, 8079, 8081, 8360, 8768, 8772, 8076, 8767, 8763, 87
65, 8769, 8771, 8773, 8775, 8362, 8363, 8776, 8364, 8668, 8669, 8670, 8671, 8675
, 8003, 8161, 8165, 8168, 8172, 8695, 8705, 8700, 8697, 8707, 8702, 8698, 8703,
8710, 8711, 8713, 8715, 8717, 8689, 8699, 8709, 8704, 8040, 8041, 8293, 8292, 82
88, 8289, 8286, 8285, 8284, 8043, 8042, 8432, 8431, 8429, 8428, 8047, 8046, 8049
, 8048, 8427, 8325, 8326, 8323, 8324, 8044, 8045, 8297, 8298, 8019, 8020, 8425,
8426, 8021, 8300, 8299, 8422, 8295, 8022, 8023, 8419, 8423, 8301, 8302, 8024, 80
25, 8294, 8177, 8373, 8188, 8189, 8191, 8192, 8198, 8197, 8193, 8200, 8199, 8194
, 8195, 8184, 8376, 8378, 8250, 8406, 8407, 8244, 8245, 8247, 8246, 8255, 8256,
8254, 8253, 8249, 8248, 8015, 8016, 8242, 8243, 8233, 8232, 8237, 8283, 8013, 80
14, 8241, 8240, 8032, 8031, 8310, 8309, 8311, 8312, 8210, 8211, 8221, 8222, 8216
, 8215, 8225, 8214, 8213, 8471, 8224, 8217, 8219, 8218, 8220, 8123, 8654, 8652,
8124, 8655, 8127, 8126, 8130, 8012, 8011, 8653, 8540, 8539, 8544, 8543, 8545, 81
20, 8119, 8547, 8122, 8529, 8528, 8549, 8548, 8551, 8550, 8488, 8483, 8482, 8480
, 8481, 8503, 8502, 8178, 8179, 8181, 8180, 8182, 8660, 8658, 8659, 8070, 8068,
8069, 8010, 8663, 8662, 8661, 8072, 8073, 8572, 8133, 8134, 8564, 8563, 8565, 85
70, 8567, 8566, 8568, 8783, 8782, 8784, 8559, 8558, 8561, 8560, 8562, 8571, 8135
, 8136, 8138, 8137, 8271, 8270, 8272, 8273, 8275, 8274, 8278, 8277, 8281, 8282,
8279, 8280, 8009, 8008, 8066, 8067, 8497, 8380, 8379, 8498, 8499, 8501, 8618, 86
17, 8335, 8334, 8625, 8624, 8614, 8613, 8620, 8619, 8628, 8627, 8634, 8633, 8337
, 8336, 8640, 8641, 8639, 8638, 8341, 8340, 8622, 8621, 8626, 8635, 8058, 8006,
8005, 8508, 8507, 8506, 8534, 8095, 8107, 8108, 8112, 8101, 8102, 8099, 8100, 85
36, 8113, 8114, 8111, 8096, 8115, 8116, 8526, 8532, 8780, 8527, 8109, 8513, 8512
, 8533, 8790, 8791, 8094, 8106, 8105, 8103, 8104, 8004, 8097, 8098, 8187, 8201,
8202, 8203, 8185, 8186, 8204, 8205, 8206, 8207, 8208, 8209, 8395, 8761, 8760, 87
58, 8759, 8762, 8344, 8343, 8644, 8393, 8389, 8390, 8388, 8612, 8611, 8605, 8606
, 8329, 8330, 8333, 8060, 8059, 8061, 8063, 8062, 8582, 8580, 8575, 8577, 8794,
8579, 8585, 8584, 8583, 8160, 8144, 8143, 8148, 8147, 8146, 8145, 8154, 8153, 81
55, 8156, 8157, 8158, 8592, 8593, 8590, 8591, 8588, 8589, 8151, 8152, 8139, 8082
, 8597, 8083, 8084, 8598, 8599, 8085, 8600, 8086, 8087, 8090, 8093, 8091, 8092,
8602, 8053, 8052, 8348, 8347, 8050, 8051, 8349, 8350, 8054, 8055]